44060
44081
44144
44256
44264
44288
44480
44480
44512
44544
44552
45208
45208
45208
45208
45208
45208
45208
45208
45208
45209
45209
45209
45209
45209
45209
45209
45212
45212
45212
45212
45212
45212
45224
45224
45224
45224
45225
45225
45225
45229
45229
45229
45229
45229
45236
45257
45432
45432
45432
45432
45432
45432
45432
45432
45432
45432
45432
45432
45433
45433
45433
45433
45433
45433
45436
45453
45453
45453
45453
45516
45516
45516
45516
45572
45572
45572
45572
45572
45572
45572
45572
45713
45713
45728
45733
45733
45733
45733
45733
46160
46972
46973
46973
46976
47161
47196
47456
47532
48176
48264
48320
48512
48520
48708
49325
49325
49340
49353
49373
49453
49464
49604
49888
49900
49901
50556
50557
50557
50577
50577
50577
50577
50577
50577
50577
50577
50668
50668
50668
50668
50668
50668
50668
50668
50668
50668
50668
50669
50669
50669
50669
50672
50672
50672
50672
50672
50672
50672
50672
50672
50672
50672
50672
50672
50672
50676
50676
50676
50676
50676
50676
50684
50684
50684
50684
50684
50685
50689
50689
50689
50689
50689
50689
50689
50689
50689
50689
50689
50689
50689
50696
50696
50696
50696
50724
50836
50836
50836
50836
50836
50836
50836
50836
50836
50836
50857
50868
50896
50976
50976
50976
50976
50976
50976
50976
50976
50976
50976
50977
50977
50977
50980
50980
50980
50980
50984
50984
50984
50984
50997
51060
51060
51060
51060
51060
51060
51060
51060
51060
51060
51060
51060
51060
51060
51061
51061
51064
51064
51064
51064
51064
51064
51064
51076
51076
51076
51077
51077
51077
51109
51201
51648
51665
52264
52377
52404
53441
53441
53461
53469
53685
54252
54253
54637
54637
54788
54869
50732
54841
49933
44257
52509
44592
52397
48512
44144
55148
51200
51061
47168
49888
49345
48373
51221
51221
50864
50508
44396
49373
51228
46160
44553
51068
46020
54952
54665
46020
48152
49324
44288
54617
