44396
52392
52832
47560
44284
50724
51008
44404
46168
51208
49332
53672
51060
51320
44544
50732
45440
46028
51320
44040
44264
50984
54792
45440
49920
46168
50732
50872
44396
44404
44600
44600
50984
50976
46896
44264
44396
49444
44152
51228
49436
54805
52380
55113
47448
47492
50577
50857
49888
51652
45824
50732
48152
50976
49324
47560
55136
55128
51473
45236
49849
54413
50896
44201
53468
52636
48169
50836
47784
51089
51060
52628
46041
49689
50669
44417
50773
47280
45516
51200
49689
51088
52392
51456
49688
49464
51473
49888
44060
51217
45208
49549
51208
47217
51081
54077
44204
51593
44033
46988
47896
51060
47140
44228
50724
46972
51228
45392
44256
48708
54844
49688
55036
50836
45224
52628
52840
51656
55148
53468
50836
54924
51456
47568
47029
45817
50836
49548
51201
50864
52265
51060
50672
44228
55137
47924
44048
52285
49845
49884
44221
47336
49341
54620
49692
54924
48373
45804
46021
50521
50864
45824
49688
47732
51008
51312
50668
47736
51456
45544
54644
50976
50557
51025
49453
54413
47280
47140
49440
46972
49437
44592
50773
44260
49884
50685
51204
47805
51116
47049
44264
47784
44277
55141
49688
51204
47581
47784
47564
44428
49884
47532
48373
47749
44396
53440
52840
51221
47452
50725
48729
54876
46041
44277
51137
52649
52840
44221
47449
54665
52832
45224
49324
47736
54596
44208
49689
55113
44277
44277
50976
54805
44040
54588
51216
48512
46973
44049
44040
45817
48177
54632
51088
55012
46993
45824
44256
49444
51312
47140
54925
46160
54200
51200
50672
50501
44208
51032
52265
52404
44148
44053
52832
49709
49436
52832
47049
46321
47536
51208
49549
49548
51104
48156
48708
52489
51204
44048
52628
52524
49444
47141
52392
52832
55092
44148
44053
44544
44033
48708
52636
48337
44396
54624
48156
47049
44340
49464
54624
48324
51208
47280
49900
54056
50577
47196
48176
50517
47196
51340
53441
49884
45208
49440
54637
50976
44452
44452
51061
49440
44048
47336
52404
47484
49464
48708
49692
50976
51208
51452
51452
44033
51020
44228
51648
44049
54840
46989
51032
44049
48512
44552
50528
53748
50517
51452
49324
51452
51032
51204
52397
54872
49548
50976
52280
51456
51312
50864
49324
44256
49604
44340
49933
54617
44060
50672
44396
51060
54868
55176
48276
48169
45812
48169
44277
50836
48512
45580
54617
50864
54876
55113
52840
47581
51008
48149
47549
48268
54952
53804
55113
49324
49567
54693
47456
47536
50696
54980
51452
49696
44257
51060
45448
44592
49900
44079
44415
46179
44079
45384
50948
44228
51228
54861
53444
50508
50508
51020
51652
44051
48531
44275
44275
45143
44312
49688
45208
50556
51088
53804
54632
44400
46041
54844
47197
52628
54925
47497
49688
52392
47452
46629
46629
48192
50687
50687
54848
44396
50676
49884
44089
48516
52632
45684
47784
52293
50501
49324
50976
50501
49373
47928
47564
54840
44061
54616
47564
47029
51665
54980
51656
51116
44032
50780
44049
48176
50528
52628
44148
44396
45812
54056
48149
52628
47456
49548
54980
44256
54028
51471
48708
51079
46041
51228
52629
44285
47196
51656
54644
49845
54588
51208
52264
49892
47749
51107
51333
51665
54925
53457
50504
54988
48156
49352
50948
52488
48708
44284
50629
54693
54868
54616
51089
50669
51088
50556
47497
54632
45824
50689
51032
51600
51021
54788
44537
51656
54632
46039
54364
47168
50491
46976
49352
46988
50504
44396
48708
50516
54632
44048
49688
45785
51088
52285
48317
54633
50745
49440
50756
50752
44540
49436
44340
48708
47784
51221
48520
50836
52377
51109
51664
45812
44397
44396
51340
54252
44152
50528
51340
51088
48268
51064
44256
51116
50864
45384
44396
47588
53468
48337
54224
48372
54861
52489
54616
51204
51109
44592
49548
52384
50948
48373
53440
50864
50556
44508
50948
44340
50864
50808
50836
47217
49457
48372
45824
54801
50620
46993
50696
51333
47564
51109
54616
44260
49324
47448
44592
47308
50696
51665
51008
44432
45813
50696
54644
54840
50745
44048
52392
45824
45817
52841
48149
47805
44452
51204
47336
49437
44033
55148
55148
44368
45229
50868
52404
47469
48373
51333
52380
44256
54644
51312
44284
44340
45824
54840
53804
47161
49452
47000
45393
48520
44256
51088
48152
44032
44361
54812
50669
49692
49900
52265
54952
44592
45432
44368
51061
50864
55148
50628
49888
50684
54840
49341
44512
50864
45812
49900
48176
44396
52392
50500
54252
46041
49324
45236
49884
47896
51081
44592
54840
44368
54805
54252
52628
54217
50752
44208
51032
51060
53440
51109
44256
49436
53440
51060
47784
54801
47140
44396
49688
52268
46160
52824
48393
50517
49324
51340
48156
49888
50857
49888
50976
54056
47217
54872
54620
50756
49688
50868
47532
53457
46988
47576
44053
52629
50628
49437
47449
49437
49688
47732
54844
50808
48156
50696
45516
52845
53444
44228
49688
48320
50516
44284
49341
49328
54632
45824
49345
49324
48393
47144
49900
52629
48120
51060
47785
50745
51204
51061
45572
45817
54812
50868
49688
54028
50696
45813
44221
47144
51312
52280
52376
47197
49689
45576
50724
50516
52280
44048
52572
51333
47336
50672
45812
47588
49900
50900
45236
50724
49888
48120
52392
45817
46988
55148
50557
51656
50689
54924
47805
45544
48152
48120
50620
44396
52268
47144
51656
51088
54644
49436
54840
44204
51228
47732
49692
45572
55148
49692
47144
51200
49688
47308
44396
49324
51221
44060
50857
48169
44144
54633
50836
45397
51032
47049
50745
51064
50672
49689
49437
47548
50500
47784
47749
52572
50864
50696
44396
48120
51456
50728
50896
44053
51216
47469
54624
49457
52572
44368
47732
47805
52840
45824
50756
50528
46301
49900
48320
45572
47156
44540
50864
49688
51340
54028
54924
50836
53748
44537
50516
46972
44592
50808
48156
52272
49696
51649
51081
54872
54028
52841
44144
48120
54644
44592
49884
49444
52264
44396
46021
45544
52841
44592
53748
52377
49569
51204
47308
51204
51648
48516
51020
51104
44452
54924
51648
46988
45432
51452
44540
45824
50948
44592
54728
52509
50885
46160
51648
46020
48124
50773
48520
44032
51313
54840
49849
50900
45768
44592
47144
50504
47784
49324
49345
50521
54868
51340
44396
47196
48512
53468
47581
46993
53440
54632
47581
48156
44512
44592
54632
46160
47217
48712
51312
52293
44592
51104
48120
48176
51092
54637
44053
44428
44592
49709
47197
52280
50868
50501
45800
48124
50948
52380
49688
48124
46028
50529
47749
50836
50896
47456
50808
44053
50896
45813
44256
47308
47336
52280
50724
54364
50857
47581
46020
52280
50724
51201
49845
48373
45800
52628
50980
46041
54728
50501
44592
51665
51665
54868
44368
51396
54364
47805
48176
50808
51032
50724
49436
54840
45824
54869
51032
52268
51669
47140
47140
45544
54924
47141
50577
47280
54413
48120
50872
54889
44144
48512
48512
51204
48393
51060
44040
44592
48708
47561
51064
54889
48276
44049
48512
44060
49324
55148
49324
46041
50896
51088
54224
44284
47168
54889
49692
45208
54889
52393
47928
54788
55137
50629
47784
48177
49340
50976
51204
51312
51456
44260
47924
50689
51333
52404
47156
48708
44396
54889
49444
48393
47336
51312
51221
51452
47564
47329
50629
51008
48712
51221
52392
46976
45576
50696
44592
44228
44592
53469
50864
44396
54872
51200
46989
47161
51648
48376
49324
51200
45800
47308
50696
51312
54620
52377
51088
52824
50628
46993
46160
47217
51204
50616
53748
53440
51032
52824
50500
50689
51217
53804
50500
49688
52264
51109
51333
50745
48152
44368
47156
44540
47196
50628
44053
49548
51061
51648
54805
51109
54224
44221
51116
46041
44032
44428
54620
51201
50724
49328
54945
46020
51060
46024
54588
47728
49552
47196
49436
54801
54596
49464
54596
49888
54788
50948
48324
51060
44204
54980
51652
48708
50669
50977
44144
51104
48120
51060
49884
44277
49688
45800
49340
53468
47785
51221
48320
50857
51613
52268
51221
45824
53468
54840
44396
51201
53685
54924
54805
49709
53448
44600
46041
51473
51228
49452
52380
52824
50948
50980
44256
47548
50756
51333
51665
51333
45224
49444
49892
49353
48120
47924
54889
45804
45800
45397
50976
51025
49900
50528
51064
49436
52264
51312
47581
52392
44553
48169
54056
50528
54032
50724
49900
44032
54952
48516
44048
44368
44032
46041
52392
50864
44256
48516
48512
51460
51200
53468
52488
51008
54637
51076
55100
52649
53441
44277
47148
47168
50865
54077
50696
54644
47532
54980
44277
44033
50896
45909
50640
44368
44305
44221
51089
48512
54801
48176
52393
51088
48169
54632
54785
44396
54889
47200
44161
51452
53456
50628
49885
45909
53945
48124
47497
49688
53748
51092
52393
48512
48533
51032
44397
44592
47532
51204
50896
50864
52292
44592
50977
47144
51333
48124
44161
52649
50976
44537
50948
48120
49688
55092
49436
52824
52628
54812
44557
50864
54801
49692
49688
53440
47336
46024
48169
53468
52488
51008
49548
48708
51652
50896
51060
55124
49353
54801
48124
48516
54633
52377
51008
52293
45769
50724
48393
47144
49345
49328
47560
52292
54840
47197
50528
51032
54868
52264
52268
50501
54925
49692
45768
44048
47532
50672
50684
47469
47928
44552
44201
50864
48320
50668
54869
47561
51452
47588
45824
46973
51208
50948
51032
54732
54785
52280
46976
51008
49453
52272
46972
47161
51204
54841
52392
50500
51116
51116
44201
51452
50857
50857
44537
50577
50837
49845
49345
50865
51060
54840
44553
44049
51204
44508
44160
46020
44540
47784
51064
50508
48156
54788
47784
48169
50500
44053
49569
55064
50836
44284
44340
47448
50529
51088
51088
48708
50752
46988
51105
44032
48156
54924
51060
54644
51064
51452
52649
49440
54788
49548
44396
54056
44452
50976
44277
44277
54848
47196
47141
45208
49340
51116
50500
48512
44081
53444
54077
53945
45813
53441
54364
44256
54848
52285
48337
51648
46041
53748
51312
50696
47492
54028
51228
48124
53440
52264
44396
48169
50672
53444
48512
51333
44508
47196
54632
50689
52824
52393
49457
54812
49692
49452
44148
49444
49548
44060
47732
54848
54588
50745
54924
45225
49569
48516
52628
52393
54889
46988
50896
54840
46160
54869
44260
50836
52293
44592
44148
51204
46020
44540
47568
51228
47732
52280
47029
48317
50577
44144
44144
44033
49325
44148
49324
52628
52628
54925
50868
55137
49440
49689
48708
52293
50685
47925
46024
49341
44552
55036
46164
47161
44053
55092
51032
49353
47805
45800
46988
54840
52293
51116
50724
46972
47736
55064
48512
49452
55092
48149
54812
44221
55184
51656
55148
54952
44148
54028
52488
51089
44428
49569
44397
50508
45393
44148
52393
52393
48708
44592
51648
44592
52628
44404
50864
44552
44404
44032
48520
44221
51200
49440
44228
44049
44400
54620
53685
48156
49452
48708
47456
50629
50696
51396
49328
51089
47197
53804
47156
44284
49328
52840
52712
47144
47784
46024
44048
44060
49548
44256
54596
51088
51064
55137
49440
49689
49341
50696
53441
47196
47161
44144
51116
54872
46161
46181
54624
48152
44257
46160
51664
47336
44396
44428
44032
49548
44201
51208
51221
45800
51200
50616
48169
44592
48120
50613
50633
50948
51032
51204
51221
50976
55064
50836
50836
51648
44277
44592
44036
44305
51648
54980
48128
48512
47932
44305
45800
51200
46020
50672
48152
46041
44144
48124
52285
47749
53664
54252
50504
52632
50857
54788
49692
49884
51088
47925
46993
45212
54056
49888
54952
48708
51452
44592
52393
49548
49437
44260
51228
47197
49345
50976
49692
51105
50864
45824
52268
47564
48124
54872
50728
45212
54872
54980
44221
48149
54788
47141
51652
54869
47581
54364
54840
50577
44228
45380
49549
50948
52384
55137
51652
49569
44040
48533
49604
47161
55148
45824
44553
54252
54869
54252
54785
54812
52393
50672
44396
51089
45212
47148
50976
52404
52392
50724
54861
44368
54840
44260
46020
51137
44428
54889
48373
51312
51032
46024
49436
51081
52488
44053
51652
49340
45236
50672
44208
54868
49437
48169
47924
52832
44053
55064
47568
47588
49324
48320
47196
44144
45824
50872
54633
51201
47140
54028
50997
44396
47148
44277
49440
49888
54805
47928
51312
48512
53469
48152
50556
47148
48512
51340
51200
54036
52524
52393
52628
44049
44161
54952
44204
51204
48169
45224
46020
54788
50628
45817
45813
51200
44404
50521
44048
54952
44257
50948
48169
52628
50620
52392
45236
54801
47924
50865
47732
51092
48176
45236
49457
52841
50672
44557
52649
51060
44040
44540
47924
50501
47456
49884
51109
54785
51208
45380
50689
44288
54980
44060
49569
48516
49353
50724
51649
49885
44277
54624
50745
54632
44208
54844
48708
49849
52628
51664
49548
51204
49325
44228
49569
52824
48376
51312
49328
48152
46993
54596
49440
48176
45824
52832
51648
54588
49328
54224
49549
51200
55124
44221
52380
51109
45436
54805
53440
53489
47729
53457
52712
49436
51201
54620
44288
52384
45813
54840
52712
47196
44204
47197
44204
54252
51664
48516
47141
51312
44592
52488
50984
51060
47161
44144
47156
47196
52489
44277
52824
54364
44552
44221
50857
46041
51333
48373
51652
54364
54632
48376
44060
48712
51312
47157
47140
46972
49900
47732
51204
51201
48176
49452
47144
51652
49452
48712
44033
47217
52628
44256
53440
49340
54617
46988
49453
55148
46988
52629
51060
45208
47532
50557
51204
51060
52824
44592
54637
54644
44081
51088
54616
54812
44144
54644
55148
54644
50780
52280
49692
54980
49888
46160
54633
49341
50865
50500
48512
51320
44396
51088
44048
54632
54616
51060
49453
50616
44368
54812
52824
49688
44053
51020
55121
51032
55148
49353
44552
50629
50864
44033
52393
46976
44260
51221
47924
49464
44032
47161
49324
44480
52712
55092
50684
54980
51092
52380
52272
49324
51021
54588
44256
49849
46993
53748
49437
47497
44592
50756
47156
46021
54844
46976
50724
45800
44452
50528
51116
54924
51032
47561
51648
48516
54077
51665
48317
47141
47140
46972
54644
44552
44060
44033
51652
44277
51221
44396
44396
44228
47161
46041
49548
44033
50696
52265
45397
51648
47336
54364
44552
49688
54252
49688
49440
47280
49548
48512
44396
49688
49324
51648
45812
50857
49556
50689
47532
45236
48320
49688
49632
45817
54620
49548
50857
53457
46321
48373
52488
45812
53457
46988
45397
47157
52393
51656
51473
49548
47197
45812
55137
44592
51656
45769
50696
51064
50864
50773
44284
52769
50672
49772
50672
47448
53685
47924
54056
50900
50976
44396
50517
54252
48320
49884
52272
51068
48277
50864
45824
46976
51032
52292
52649
50672
55100
50976
55092
50773
52649
44277
45804
44284
44368
47196
49689
47217
44228
52393
52272
45812
48708
45813
49440
50672
45544
49888
44396
50577
53468
44537
48128
44228
50976
54848
54868
50773
50976
52293
54596
48120
44053
49444
48276
50669
45812
47336
50549
49548
52840
49453
51008
51228
50672
49689
44256
49849
45236
50773
47732
49548
50669
49324
51021
51665
48149
50976
47784
49341
49688
52824
54200
47140
46020
54980
54632
54693
51473
51060
51452
52488
44417
49885
51664
50745
50620
44400
49324
50836
49444
51648
45733
49900
49324
47805
52840
48128
44033
53456
49452
48120
47000
51452
49689
49444
48156
51221
51313
54889
49436
49324
54620
53456
54840
52392
54876
47548
45393
47588
49692
47928
44036
52572
44432
54616
48708
49885
49324
49340
45376
48729
47564
52397
48512
49440
45224
50696
49688
48120
44404
48149
47280
44040
49341
48128
49688
44040
48317
50696
49440
51021
50689
51200
49692
48533
49436
54364
47924
47308
51109
52628
52524
48320
50557
47589
48708
55092
49324
47280
51221
54952
44368
44341
54889
47924
50684
54617
51200
54945
50689
44228
55148
50976
47144
49440
54872
51008
51025
47156
49900
51109
48176
44036
49689
48152
51216
50976
54056
50668
50672
51025
45229
47336
50669
54868
44396
51216
52488
44036
49888
45576
48176
52840
48176
47308
47568
50976
49548
47448
54632
48376
50857
49888
52824
51076
45453
49692
54801
54861
52392
48393
50528
44284
54364
48156
44221
53685
49436
52628
54924
52488
48512
54924
50517
50948
48516
50684
48512
47452
50508
50745
55036
50672
50864
52509
50684
52628
51312
55148
45824
51204
51221
48372
54785
46028
54980
53748
47536
44221
52264
49457
54841
51613
54785
50896
48393
55148
51456
44221
47561
48393
51312
48393
47532
50885
46041
50504
47141
47925
48317
51088
50685
46020
50684
47924
50672
49440
44089
54744
45824
54620
49688
51216
51228
51208
44256
52268
52488
49453
46980
48264
44285
55148
49453
48120
50672
52268
51020
46020
44036
54869
51200
46041
47564
52264
47532
49548
44277
54744
51208
51648
51312
49688
48708
50629
54200
52280
54840
44036
44396
50504
49692
44148
54056
54028
48516
44284
53440
53440
51089
47161
49548
44480
50672
49464
54980
47148
49324
49324
48393
54056
51064
46021
51088
47049
44204
48708
51649
52509
55064
44152
47532
50896
50501
49688
49328
51201
47336
44540
49569
49324
48149
50836
44053
54872
54872
46020
50976
50549
50549
50836
51008
49884
51008
44208
46024
54788
44032
51333
44161
51452
52488
50521
50976
44221
49328
51060
49324
50696
47589
55092
44305
51089
54952
50724
44081
44221
51221
55148
47784
44221
53457
50752
44397
52268
54364
53441
54848
45432
44048
44396
50976
54980
51088
49884
52824
54841
50577
50745
54800
48712
50857
47336
51312
49340
44368
51201
55064
48264
54632
52268
51104
49892
45804
51452
45432
54632
50668
53441
50976
47141
54869
55148
49452
52280
47144
54952
49324
49836
48149
44396
44277
51088
50864
47217
49324
51081
45684
47588
48156
44396
46160
49696
54217
48320
47784
48520
49440
48708
54805
51060
50976
44340
48337
44257
48372
54924
50672
51204
54980
48372
47928
46980
46020
50724
49836
47161
51456
44228
50868
52628
52852
44404
45824
48176
48320
50977
48533
50669
51333
46980
48712
49688
46028
49444
49884
49900
44396
50976
50864
53440
50756
44216
51456
54596
46020
49836
52268
46020
50948
48393
47336
47532
47564
51092
54596
44537
51104
54788
47141
46024
45812
49688
50745
52489
45804
51032
50668
47157
44592
44305
54805
44221
46972
51664
46164
44256
50976
47280
48149
45516
54200
47144
53461
47156
50728
45817
47532
51221
50752
52628
44053
54805
50521
50756
54077
48177
53440
49688
51060
48177
44208
44256
44277
46041
54632
49457
54801
44284
54665
51216
52264
46041
48708
51456
47157
49457
50864
51228
50976
51204
50857
44053
45817
51109
54364
52285
47197
46041
51221
47141
49341
48152
49324
46321
45817
54841
51032
54632
49453
46972
47448
44048
45812
55137
54800
45812
49373
49373
50976
50976
45224
47924
44053
50980
52377
44396
50896
47168
47448
47148
54801
48708
50516
50669
44397
50976
49692
51648
52264
52280
51613
50745
48512
50672
49457
55092
49436
44368
44368
54980
51109
51109
44592
49688
49900
48152
44553
51648
51064
44256
50732
44284
44161
49696
54644
53440
46021
51088
52392
47785
48512
47161
49353
47448
49440
45236
50517
50528
47140
45813
50668
50672
47140
49888
47532
47049
44221
55124
49324
52840
54801
52264
50976
48372
44305
44033
47000
44552
44053
52629
48176
44284
51032
44340
49457
54200
54644
52628
54889
54924
54840
54224
50724
51088
49324
44228
44264
49436
44256
49324
47560
51200
53748
52628
54800
46993
48152
44256
52824
52404
50528
49440
44284
49845
50745
53748
52280
49548
54744
44060
48516
44400
52824
50557
51452
54801
47280
50684
47196
53748
50689
48708
46972
47140
48324
54693
47784
48177
44305
46160
50836
54624
52632
54617
45397
51452
47141
45817
54872
48708
54028
52293
50521
45813
50724
49444
51032
52824
45813
50672
48169
52628
47564
45804
48149
44036
50672
54812
51200
50500
48276
50976
50504
53748
47805
49324
51652
44256
44592
44368
44368
50684
51652
44048
47732
54788
49340
50508
52380
54872
51064
51064
52380
44208
44228
52404
50521
47588
47588
48708
46020
48708
44396
51216
49692
48708
47924
49325
44256
54861
54876
46973
54637
44217
51204
54644
54889
48372
44257
48393
47785
46980
50689
49692
47049
44161
51228
49452
52628
48729
51652
50672
46020
52824
51208
47049
54620
54364
54665
47609
50629
48128
44228
44228
50508
54801
50872
44217
51221
50836
50689
50577
51665
51333
55012
48124
47336
44060
50836
50616
49552
44480
54889
50549
49457
52264
47156
49452
49440
49440
51201
45776
52376
47896
54869
50612
52280
54848
52789
54364
51104
55137
54637
50864
47588
47581
51204
54872
44201
44033
45229
48708
49437
49325
47925
47157
47736
47925
55148
52280
44396
52488
54869
54620
44201
45684
46041
54980
50668
50976
52649
48149
52268
51312
51320
51228
44040
44508
54665
55036
49437
44404
52264
49437
54952
50668
48169
53440
49437
44032
49884
51648
46041
51088
48512
48124
51652
51652
52264
50672
44368
54861
44277
44368
47029
44340
46989
50696
44161
51340
50672
44277
44161
44340
44341
49353
50752
51221
45384
46020
47000
45813
52292
50500
44260
44053
44221
51228
44592
47732
44060
48124
51200
50976
51064
45824
52264
49457
46028
48152
54645
44396
54861
47196
50724
48149
44081
47197
52489
47144
50696
44368
49689
49328
49440
51104
44552
55036
49689
45817
46024
47469
44053
45544
45800
45812
50808
44048
45804
47141
52272
49452
48152
46989
51200
45544
44340
50689
49452
46976
47560
54028
48373
44452
48708
48512
54868
50696
47448
50521
51064
44428
54876
51221
46160
50500
51648
50628
52384
51088
44592
50836
44428
54876
51076
54889
44396
49324
49688
50672
54077
47749
51312
47336
47532
52285
51228
52404
49440
52392
51228
46021
47280
47161
47308
51081
50864
51061
52488
44592
51060
45380
48512
44204
50500
48169
45404
49440
50900
45380
54596
49437
48149
52380
51228
46020
52392
49440
50857
50696
47148
50504
54617
44277
47168
44508
52824
49549
50896
50500
51333
47564
44204
51221
50976
48120
44204
50976
47581
44396
52824
44144
50516
50976
47000
54844
44428
52285
53440
44277
45713
49340
51228
49688
52628
54889
51665
44040
47896
50684
54693
51648
44452
49688
50528
48169
52285
45817
51008
50728
44592
52628
49325
51089
45572
46020
49888
47336
54364
47532
47564
54805
51104
54868
47588
44256
47156
46020
49440
51088
51312
48393
52824
54028
48120
52628
50696
47217
49452
48708
44397
51221
44396
50672
52649
50676
44361
50836
50517
50836
46041
53440
50976
54792
50836
54633
54872
46993
50676
49888
52380
52380
45812
50752
45397
47749
54861
52285
50868
54732
52840
52524
50864
45812
44053
49688
51312
51221
52628
54792
51221
52509
48152
44508
44284
44144
46988
50696
50857
49324
44148
49324
55128
48268
46160
47609
49457
47549
44305
54644
52488
52489
51089
53748
47532
48708
44060
49688
46972
49688
50868
51333
54840
51064
48373
51648
44160
52392
44048
44148
51452
51200
44256
45393
50696
52265
50521
52404
44277
50696
52824
44592
52628
47196
51076
50857
51613
46989
54801
51204
49436
51008
44033
48324
51221
44512
46160
48120
51021
51228
50616
52293
49328
47452
48337
49548
54632
54869
45824
51312
48708
49341
47497
45813
51200
47609
50685
48373
44340
44284
45224
44040
44032
49884
44284
49604
51088
51452
53468
44340
52840
49436
46021
52769
50896
52509
49352
51221
44216
44540
51333
50948
54620
44160
44201
45225
54252
49688
44396
51652
49548
46020
48152
53457
44216
50745
50857
46973
44257
49688
51333
54252
47736
44540
52488
47729
49436
47161
47336
51109
47497
51665
51312
49900
49328
44256
48152
48120
49688
44036
45817
54644
44256
47924
48264
46972
52268
51613
47161
51021
49345
50868
47609
50865
52824
51032
45812
54869
48120
45800
49353
49324
49688
52509
52380
47448
51032
44396
47280
47140
54224
47157
47536
54620
54952
50864
48120
49440
50577
52268
49933
50628
48320
47161
54861
44592
47308
48152
48708
54840
54840
49888
49353
54056
44277
47749
44396
54252
47588
49340
48120
51109
48708
47532
44428
49340
54844
54693
51221
49884
50689
44148
45224
54889
51452
50672
53748
49332
45800
49892
51201
47928
55148
47564
51109
54889
45812
49548
50676
48708
46972
48152
47140
52572
52264
46020
51201
44305
51200
49452
49328
48120
44216
44396
51652
52824
50864
49452
54840
44048
52824
44208
47785
48512
54840
44221
54952
47784
47581
50864
54840
52377
45376
54792
51221
48124
44204
50500
53444
51089
50900
48337
49436
52628
48176
51076
50984
44204
52628
51060
51061
48120
44228
50689
47581
44592
48372
49436
48324
48264
50557
47532
48264
44396
48512
50500
50500
51137
52392
50977
44552
44228
44397
47000
49849
48176
45684
50696
49688
47924
49692
54253
52628
45784
51221
48393
51088
50808
44284
50836
50864
52488
44221
45817
44480
49325
53457
44053
50836
45813
52393
44540
47029
48128
47729
44204
47197
48264
50864
48120
51665
47924
48324
54889
49549
50836
50629
44552
47156
48317
44048
52404
47161
52268
49884
51008
46020
51452
52292
47736
50684
46988
51473
52488
49345
44428
45393
46972
54984
49884
46972
52489
52824
51452
44204
44221
51060
51061
53468
52292
45784
54253
46988
49688
50864
50836
51216
47161
51200
45813
48337
51116
44368
49688
48512
48512
52380
47581
54620
54620
48512
50500
54945
51200
54252
54788
48120
47588
46993
44256
51312
45813
50669
51333
47532
47197
47924
47280
51228
47141
47532
51109
48156
50577
47568
53440
54217
51109
51312
44452
51064
49436
50696
44208
50948
51137
46041
50948
48149
51204
54872
49440
51104
47141
50672
54889
55016
54840
54252
50684
52488
48149
47308
51452
50696
55100
46973
44256
52489
48512
45393
54632
52488
47197
51092
45813
48512
54945
51613
44368
49689
48712
54812
44592
54844
51200
51089
51060
51060
45212
44152
49324
44397
44257
50684
48512
50629
52824
45713
52285
54028
51312
52404
54620
51089
54028
51012
50900
44081
48708
51060
51452
50724
47928
51228
51452
47197
47928
44260
52628
46980
51116
49688
47749
51656
52404
51312
54364
47144
49845
47217
49689
55128
50896
54413
54980
44208
51088
54200
44288
45684
51076
51064
44060
54596
53456
47896
49692
44553
51204
47568
48324
44553
49884
54588
51200
49324
53456
52392
52824
53748
54801
51060
55092
47924
51452
54801
51648
51064
44397
51228
51208
49548
47805
54588
54620
50612
54788
48169
45733
51092
48512
48169
44228
44592
46021
47197
44512
54632
55148
52292
49692
51649
52824
54844
52509
51204
52628
51228
51456
52628
51217
52264
50976
48320
51665
55176
51200
44033
44201
51593
45813
51652
49576
50557
44396
54889
51228
52628
49552
52264
50745
44049
54840
44257
44060
51204
51333
51312
52404
49328
47280
49688
52292
51217
50612
44060
54889
51104
45800
54925
49688
45812
44256
54792
47564
53441
50724
48317
50725
50668
47805
48708
47805
50577
51656
48149
50689
50976
50577
46976
50689
52280
44428
51652
48373
51064
45824
48268
49436
52393
53461
52264
45812
52392
51648
53457
44032
49692
54889
47308
52264
50732
52840
44552
50517
44396
48512
53440
44256
50517
54077
46020
51228
53440
51228
48372
50896
46020
47452
44592
47785
52380
44204
51333
49548
48276
50976
52628
53457
52377
49689
48512
49845
51109
51312
48512
46321
52384
48512
48708
47924
54812
50521
47749
48169
47581
49849
47805
52488
51312
44060
48176
49548
49888
44152
49688
49345
49548
54872
50864
54952
52840
45800
48393
51064
50521
50684
51068
47564
48276
44144
49884
54868
48320
45824
47561
46321
48276
54872
44305
51613
52264
53440
50976
54840
52380
44292
54792
47280
44540
44592
44257
47581
51032
47308
44600
46321
50616
51021
51008
44592
51208
54785
50669
50556
50724
51648
51648
54620
52265
48512
49692
54217
44340
51452
54952
50896
44417
52509
44256
44340
49436
44404
51648
47609
47140
51452
45813
51648
44256
47049
54848
46980
51204
44537
48512
51648
50669
44592
53441
52272
47924
46021
51064
49884
50696
54620
50672
48512
46980
54665
44036
51032
48120
44396
47581
44592
49324
54632
50976
47456
51088
51312
50836
44032
47532
44592
44277
47141
48337
49324
44256
47560
49549
52628
51204
49324
48176
54728
44221
54252
47497
49345
51312
51312
49692
44221
45812
51088
47456
51060
49548
50612
54868
47140
54028
49548
47588
47140
50745
49549
49345
49548
51060
45397
49324
44256
48512
51021
46321
50672
52572
44036
51228
44552
54364
49688
49688
46024
49341
50528
50508
51456
44288
48708
50896
51020
51613
49548
46160
54924
52393
53469
45800
45817
52824
50696
48373
50528
48373
49688
44032
52272
54632
47564
49552
48708
47161
51208
44452
54801
52712
52845
46993
55141
54224
47140
51088
54624
44592
45768
50689
54952
46321
47308
53469
44592
44053
49452
44397
54364
48264
46160
47492
48120
52265
54792
54840
48120
54624
51105
52509
47140
50672
52489
50628
54620
54952
50613
46976
50557
50672
47161
50577
50872
54617
54980
50696
54617
50669
44148
54633
52376
51008
47729
55148
45216
54632
52264
54633
50516
46020
51228
50724
49325
51008
52649
51452
47609
50896
45685
47896
51312
50896
47784
44404
45216
49437
54596
51088
48169
44049
44428
54693
44508
54056
44305
49692
52264
50836
44260
54924
55148
50500
50577
51312
47448
44033
47532
50756
47532
51613
44592
54840
51092
48512
51109
44288
44397
47609
52285
45812
47784
49457
47140
50672
49688
49884
49845
48337
52509
54980
50896
52404
44204
44049
54620
48149
49688
47448
51104
51104
50696
49440
50616
51312
44048
50857
51333
48393
44053
50612
52377
51088
47560
48393
54872
49345
51652
44288
48373
47536
46321
51221
44053
46989
50613
50745
51088
50672
51208
54984
50976
54788
45397
48512
51208
51216
47925
51200
45733
54732
47928
47140
51104
47736
51216
45776
52292
47564
55100
45685
47589
52572
44048
44061
54637
54632
55064
49548
50948
51320
44592
44148
51061
47560
51312
48156
48708
51200
51088
52636
44049
45768
50521
44368
49692
52649
45376
50997
51648
49345
52488
49440
50976
52840
44552
51333
47197
54632
48324
50529
49772
53444
50977
50896
50696
44288
44404
54077
51092
51333
53440
51105
50836
44228
50672
54980
49692
45824
49440
44340
48708
54812
48149
44201
52572
52629
54588
44396
51333
48533
52404
52629
51648
45544
44260
48393
49444
46321
50948
44432
44480
51613
49341
53440
47161
47805
54984
44284
47805
48152
44592
50689
44148
44288
52629
47532
52489
49440
54364
49440
44508
45453
46301
46301
51060
47156
51088
49548
54792
49884
48120
52840
52840
54785
50976
47197
47000
50689
49373
44204
44228
44204
50868
44256
51201
52285
47536
51201
47588
45817
49900
48712
47532
49457
44053
54805
55012
49440
44257
48708
51320
45824
45824
54844
49352
52384
51228
50864
50557
52824
47448
48156
44368
54872
54785
47536
55012
51081
54788
48708
49888
49328
52824
50760
46160
52380
54812
54644
48708
50836
50836
45685
54840
51076
51020
48152
50684
51060
50756
50896
54633
51452
50672
49884
47732
54812
51088
54252
48708
54792
45768
49324
48128
48320
44048
45208
50976
50696
44592
51076
55093
47029
54924
49888
45432
54620
44217
53804
54868
46021
48729
52489
55148
49569
48120
49888
50724
44417
51109
46020
54665
44396
44144
54844
51228
47732
50628
44592
49688
47280
50896
51216
54788
44228
50976
55036
49341
49548
44201
45432
54812
44256
53748
51648
50976
47560
44260
52488
52832
51312
54924
47144
47308
47196
53440
49688
50724
50724
49453
49688
47588
45812
55136
44221
50517
45813
52280
50696
45800
51228
52280
51656
50865
54732
55124
44277
45800
49692
45432
54872
50672
44396
54861
49688
50696
47196
44397
54840
47564
47157
46164
52628
49884
54637
52840
47588
49548
52293
49884
47785
50976
51020
49688
47448
47196
49688
51217
49933
54924
54848
54924
50529
47805
49341
51333
44208
44400
45800
47336
49688
52649
52628
47157
54872
51217
51312
55092
51032
52628
45768
54028
49328
51032
54840
49444
54872
47564
47564
44144
47308
54840
51473
48124
54788
51652
49548
51089
51452
44396
54788
51060
52824
54801
49888
51092
51116
54252
47049
51648
44592
50756
44288
44144
52397
50528
48512
44480
54980
50616
50672
52824
54364
51060
49604
51648
44480
51081
50696
52828
52392
52397
52285
49324
52632
54861
46041
51221
48120
50976
49549
52292
44544
51105
44592
50724
48512
50725
48520
48177
52377
45800
51089
52264
44396
50976
44201
54980
44508
55137
51109
50868
53804
51456
46020
48512
52293
54841
50900
48373
51312
52384
52377
44404
48512
54889
52632
50857
52268
49353
52824
44148
52824
52488
47928
52280
52293
51104
54596
44592
51656
52489
44144
51216
44600
48320
52268
47141
47141
50557
44428
51221
48512
52264
51648
49884
54637
51208
44592
48156
45580
53804
51452
52489
50900
51648
51204
52636
48324
47805
48156
51204
48124
44033
48276
51137
44396
51312
48373
44292
54632
51201
52649
50864
51652
44396
51340
52404
44508
47148
54056
46020
47924
49548
52384
47197
52285
51228
52488
47049
51204
44260
51109
44404
46028
54872
48708
48708
45813
54616
50501
44228
44201
44508
54840
52628
49688
52292
51088
55113
54224
48169
50752
50836
50857
54984
52629
52393
52404
52264
47805
49440
53440
48324
51648
51200
52392
44452
45800
51452
46321
47280
46321
50557
44428
52489
47161
52828
52828
48512
49324
51312
44284
54644
47928
44417
49688
54644
49452
50808
51204
47217
44396
47456
44452
52632
50857
50900
44368
44053
48152
44592
44361
48512
47196
44361
53440
48124
51204
44204
44228
51613
44081
44277
51204
46993
47784
50669
47449
50896
44397
48708
44081
54644
54200
54844
51200
50857
49345
50724
52264
51652
49440
48393
47564
49688
51333
52509
44081
51204
49328
49884
52649
49688
48708
44060
47736
51648
50696
48124
47161
52268
50620
47161
55128
50900
47549
50696
49884
49888
50857
50857
54924
45453
50976
44592
48156
48169
44592
46160
51312
51228
44368
50864
54633
55100
50984
44257
49688
54056
44081
54805
44480
50500
49696
50976
49569
49453
52285
50836
49696
50672
49556
47308
51333
50612
44368
49688
52380
49440
47280
47536
51201
46021
50753
44592
52380
50868
48169
45800
51200
44144
52636
49888
44277
54637
49440
50504
44452
50864
47280
49324
46020
49888
54805
44396
54637
49324
45817
52292
51200
50628
52824
44277
50689
51204
44452
47140
49604
47560
47560
44256
45817
48176
47336
52832
52264
46020
50501
51104
51104
51032
51201
45817
44285
48708
47448
51061
49692
51456
48156
47532
44284
51452
48156
52628
44089
54980
48152
49324
54980
51060
44292
51200
50684
48268
44204
54632
47049
51648
47729
50864
50557
49900
47588
51020
47732
53804
44508
49688
54812
48128
50857
50865
52285
47564
44516
48708
51104
50773
44592
47805
51216
54617
54252
44048
52280
47141
47532
44396
46164
44417
50980
52840
51648
50684
48324
54840
44060
44452
50900
54924
48317
53440
53440
52280
49324
49885
49453
54805
54805
49436
51201
50556
54632
48708
50629
50616
52509
49688
44540
53440
49440
44288
46020
44208
52380
54632
47805
50501
51312
44552
44552
49340
47581
50896
52285
54077
51613
51648
49692
50612
47924
47576
44053
44592
49549
48324
51204
44288
52265
49688
52488
44208
54620
50724
44368
50508
52840
52393
47469
52265
48149
47156
49688
49440
47140
48120
54788
52384
48149
51613
52629
54028
47609
49324
44396
50864
51456
54952
47141
52272
48120
49444
50556
47924
47932
48156
49324
47140
50864
48169
49340
51089
47532
49440
44285
44228
52264
49324
45544
50724
52628
50732
44288
54644
51221
54792
53461
52392
45800
54217
54624
54785
54620
55176
44292
51137
50724
54925
50980
50728
49884
54872
54876
48512
52544
54620
44552
54792
46976
47928
54624
50689
44208
54693
52632
52824
44396
50948
50684
54693
50669
48120
51137
50728
50864
49901
51221
51088
44208
49436
50864
51473
44361
54980
51312
51204
44033
51060
54861
51032
49436
47532
44257
54788
49688
44537
54788
48393
44285
51228
47000
51452
45392
50669
51204
48317
51204
47497
54840
48169
45817
52824
47560
54632
51204
50857
44396
51064
48373
54812
50948
51032
50629
44048
52393
54840
48712
52509
54732
52280
54844
44396
44036
51088
51648
51664
44396
50976
44256
51025
50885
54633
44257
52572
49436
51089
51201
47924
52628
50504
50516
47308
48324
49933
48712
50549
50672
54617
48149
50689
54861
51088
55137
51228
50864
47280
48149
50864
51228
48512
49440
51020
54848
49437
48533
52397
50864
50752
50528
54632
45812
48149
51201
54869
48169
51020
52628
47161
47588
47589
46988
49548
49444
51652
48149
48373
45572
55148
45824
45812
50868
49328
51008
49689
53748
48337
54840
48708
48708
51105
48708
48708
54632
49884
51204
51204
51092
51216
54924
48372
50896
47560
52488
47308
44160
47736
54848
44361
50864
44592
53440
50521
49324
54056
51228
54788
51228
54596
51452
54252
52393
51060
51221
44217
51208
46020
54792
45800
51312
54792
52285
50896
44288
47049
48393
44592
47197
44537
51665
50976
46020
49688
54840
50868
51221
48169
50857
50529
50745
54056
48393
50864
51088
48516
44288
48373
44537
46024
54889
52489
52404
48149
44204
47157
47217
50976
52280
46976
49632
45225
48708
53440
51452
51217
48512
44397
48512
54616
50948
48149
45813
48264
52392
54925
51105
48708
51228
51228
51228
51228
48264
54644
54861
51648
48149
51020
44032
44221
48156
50896
52628
50689
51032
44060
50732
50980
52840
50500
51200
44396
48124
48176
44049
48320
51208
54840
51652
49888
44036
48708
45796
51652
53448
49340
49457
50684
51104
47784
48176
53748
48708
48512
52384
44592
47548
51032
47928
50724
44228
51208
52840
54616
54624
49345
44284
54980
50836
48373
54952
50868
48708
50516
49324
54812
47749
50808
44049
44256
50724
49340
49345
47336
52840
54924
49340
51032
47536
50976
54632
46021
44552
47732
48264
50501
52488
54861
54945
50984
54792
54252
54596
52488
50976
51060
50900
49341
55100
54801
47456
50672
53468
54925
49341
47497
54392
54848
44341
48512
50948
50948
49688
50516
50976
44053
54945
50577
54952
50836
48276
54596
47532
54945
46020
47448
48708
51200
46020
55128
52268
51032
46160
50896
44396
51116
48149
51228
50521
46020
51060
45392
49548
48376
44396
48152
47568
50528
50504
49324
52268
51656
50577
51204
50672
49464
51228
48120
49888
51228
51021
51076
49324
44256
45377
50676
44148
49688
50689
54252
54840
54840
50685
54200
50577
47156
49885
50728
53748
51104
51200
50689
50689
52840
45817
45812
47308
54924
50669
50685
44216
51008
45397
51088
44204
50577
48149
48120
49688
47560
47049
44228
44228
49688
48520
48156
48393
48324
51032
50948
54872
48276
44592
47784
48512
50521
50521
48516
44592
44400
53468
51068
48149
48320
48156
44396
54788
49696
48708
50984
52824
47140
51060
47148
55092
45544
55148
50724
44221
47280
54252
53441
52628
52384
52285
50504
50696
50669
47497
48512
49341
54844
51456
49688
48317
54596
49341
49345
54617
47141
44368
54620
51116
44264
49849
47336
47561
47729
47589
50724
51201
52629
54889
48264
46321
46041
51665
46021
50508
50696
51228
46020
47536
54364
48393
44148
49453
46972
49888
50504
44284
49453
51061
44264
50756
50508
44032
48156
44256
47161
44036
44292
54644
44305
54665
44508
52293
51221
46993
54224
54872
48372
50836
50756
52377
49688
44284
45824
50724
44216
47560
44340
44340
50516
47568
44221
44256
44273
44256
54840
45796
49452
45236
49324
44060
48708
54028
49569
51109
50508
47564
49709
52264
49452
44292
44256
51201
48512
51312
51320
50752
48708
52292
48337
49352
49688
50976
44592
52264
48152
48149
47564
52509
55092
44480
51228
46988
49688
47805
47732
48152
47140
52268
44396
47448
51032
47928
47141
47141
51613
51088
54844
49888
52824
54665
47581
46041
50669
48708
54840
47588
52264
47588
52488
44516
50976
51032
51032
50976
47161
50508
51221
44544
51088
47581
48169
44277
51201
44060
50612
51104
54056
54028
53440
50521
44368
50976
51656
44060
47568
49849
49440
51648
51200
48120
44277
51060
44557
44557
46160
48512
49444
50629
51221
51312
47924
47448
52268
47532
49689
47197
54785
51089
54056
45236
44144
51092
44397
51137
51320
54632
51228
52628
49440
51228
47581
54364
46980
49436
44557
50529
47536
46041
51228
50672
51204
44557
50745
46993
50612
49688
52264
54644
54876
51204
52285
47336
52280
51648
50948
49440
52488
48124
44508
49548
49549
47560
49324
53440
51104
44288
46321
45236
47196
47196
51032
54644
50628
44221
48372
51452
54632
44288
51208
47280
47805
50629
52285
47549
51064
52632
52628
46321
50612
51452
44396
45824
46160
54861
49884
54812
44396
51648
49884
50896
44553
50868
48169
44277
54637
51664
51089
50896
47785
44060
48708
44048
54788
49373
49437
44368
51088
51068
48156
51312
50896
51088
51648
48177
47924
48372
46041
48156
46041
44204
44277
44396
44508
52264
50976
50896
47196
44257
48512
45393
50500
50500
54805
44036
50504
46020
48512
48393
47749
49688
52628
44592
50672
48324
51104
49440
54980
54889
50836
51204
44508
50669
51201
47589
51473
48372
47785
51652
49696
45813
52825
44228
51333
47560
44396
50516
52280
44396
54617
46321
50672
46041
50864
49345
45544
49692
48516
48373
47161
50724
54872
51032
54872
47805
50549
47336
50672
48372
52393
47161
49324
44368
47148
52397
44201
52404
48317
44053
49548
54924
52572
51201
54872
50724
47140
48120
54840
49373
44032
51008
50948
50896
54364
47197
47161
51061
51116
49328
54848
49549
53440
47568
54876
52393
48337
48393
54844
48512
44284
48512
47532
51092
48708
52264
47805
49604
51109
51201
44361
54413
50724
47805
49340
44257
46160
46024
50976
54800
46024
45800
47196
52380
45776
45776
47532
46041
44144
44204
48373
49352
52264
46020
44204
45453
50508
44221
44036
51201
44204
47588
45804
44204
50872
49324
51116
47581
47168
44260
54984
45813
51088
50577
53668
49345
54785
51312
54924
51081
52524
44396
50752
52628
51648
51221
49464
49345
51105
48512
52393
45813
45813
54364
54632
48337
44033
52628
51452
48149
47448
45685
55137
54252
51228
54633
52404
50780
51228
51228
51228
52824
54028
44552
44032
47549
44144
44396
46980
44257
54801
44592
54632
54632
49892
54632
50528
54624
52264
52293
50836
52280
51228
52272
50628
44204
50773
50628
44508
52488
46041
50684
50557
52712
51648
